20 20 100
10 6
19 10
12 4
13 7
6 11
0 5
18 6
8 14
1 14
6 12
7 12
4 16
12 16
13 19
3 19
15 1
5 12
9 11
13 3
2 1
3 1
19 14
5 0
2 6
18 5
7 5
2 4
0 10
4 1
11 17
15 16
10 7
2 12
4 0
12 17
5 1
1 9
5 17
0 3
4 10
0 14
13 14
18 13
12 13
11 0
2 16
7 16
17 2
13 10
9 5
9 3
17 10
2 5
15 3
4 12
1 8
12 6
2 2
15 16
18 4
13 11
7 5
15 19
10 3
5 8
13 14
14 16
0 0
5 13
14 9
6 4
12 12
8 4
1 5
14 11
16 18
15 8
6 3
11 19
1 11
4 1
16 19
2 16
1 6
15 18
19 16
9 1
0 13
10 16
12 9
17 14
6 10
13 19
9 1
12 14
12 15
13 0
10 9
11 10
17 18
