20 20 100
3 5
8 1
10 15
9 18
10 8
19 3
9 17
11 17
6 9
8 19
13 1
9 8
17 15
0 4
3 11
1 10
3 7
1 3
6 12
14 4
13 18
6 19
8 19
13 6
9 15
14 4
10 14
15 19
15 0
18 9
1 10
9 19
14 6
16 7
7 18
16 18
6 13
7 4
11 7
15 0
15 16
18 6
16 15
15 9
15 3
4 10
16 5
6 4
12 12
16 17
2 14
2 5
11 15
1 19
19 10
3 10
15 19
10 6
14 15
5 16
14 6
3 1
10 2
11 19
12 17
18 2
17 2
17 6
0 12
19 11
5 15
14 18
8 14
13 7
7 8
10 9
17 1
19 6
7 2
14 13
0 18
0 18
15 15
3 17
5 11
14 3
9 5
7 19
7 0
14 0
14 2
11 3
0 13
9 15
0 6
15 11
11 9
7 6
3 0
19 0
