20 20 100
11 11
13 10
16 17
18 14
3 17
9 18
7 14
5 19
13 2
11 7
9 18
8 16
15 17
2 6
16 16
8 11
1 6
0 1
1 19
1 6
7 15
6 4
8 2
14 0
16 5
7 5
11 16
17 1
2 10
17 3
9 15
8 5
9 13
13 6
5 1
15 7
11 13
7 19
1 13
12 4
3 11
10 18
11 13
13 3
11 18
8 3
2 14
10 9
0 7
5 16
2 17
8 6
7 4
16 0
13 13
11 3
14 0
11 19
4 7
8 19
16 2
2 7
6 8
8 5
11 0
13 7
14 18
5 17
16 13
15 1
0 13
12 1
14 8
4 5
15 12
7 19
12 10
8 11
18 6
16 18
2 5
7 1
18 8
2 10
18 12
13 17
10 1
14 8
7 4
19 7
11 11
14 9
3 1
12 1
6 18
13 11
13 10
2 4
13 1
0 12
