20 20 100
7 13
10 3
5 16
6 18
3 18
3 3
16 9
6 8
16 6
3 5
5 14
5 11
15 12
3 15
3 4
7 15
5 8
2 15
11 11
18 19
16 5
1 4
12 2
3 4
11 19
13 1
15 6
8 6
14 12
12 12
9 17
17 1
2 14
17 3
12 19
11 17
2 8
10 12
19 12
7 10
7 16
2 8
19 10
8 7
9 13
11 7
13 16
3 7
2 7
1 6
5 6
1 5
18 0
7 18
2 9
9 14
10 9
8 14
0 16
19 7
10 8
15 10
17 7
2 18
18 3
4 17
14 14
15 15
4 17
18 18
6 17
17 7
10 13
4 18
7 7
1 16
1 12
0 15
14 11
9 16
0 19
6 3
12 7
9 12
16 12
3 11
9 14
7 18
2 14
14 19
7 6
2 15
2 3
13 4
15 9
6 3
2 7
13 10
6 11
17 18
