20 20 100
1 13
0 16
3 9
8 18
7 4
17 7
5 7
2 12
8 18
13 2
5 6
13 8
9 14
16 10
15 19
19 4
15 16
0 18
1 11
19 19
1 6
14 1
5 15
17 10
10 0
19 19
4 1
15 4
5 5
15 7
3 3
12 11
16 12
4 9
15 16
4 1
18 10
2 19
9 4
13 16
12 4
3 11
3 0
18 2
2 4
11 12
1 8
12 4
12 4
13 8
2 6
7 16
19 15
19 15
1 7
7 17
1 8
1 9
17 16
4 11
18 17
8 11
11 15
1 4
6 12
9 18
18 8
3 5
6 1
13 10
16 15
16 2
13 5
17 17
8 12
13 5
6 19
14 14
10 2
18 14
15 12
14 7
16 15
7 1
9 6
1 16
7 15
15 5
7 1
2 18
19 18
4 9
17 1
5 8
13 11
13 15
9 12
2 7
16 13
12 6
