20 20 100
15 6
0 1
13 3
12 17
1 2
1 6
8 16
14 12
18 15
0 1
1 6
14 15
12 7
6 16
14 11
18 5
3 10
4 5
12 9
15 15
5 17
0 14
14 10
2 8
5 3
18 17
6 6
1 19
11 10
18 18
15 18
9 15
0 8
13 6
7 17
14 8
7 18
15 12
8 3
10 6
9 7
12 19
11 16
6 0
18 9
2 15
13 8
9 11
3 19
8 4
1 16
4 17
19 2
10 15
18 19
10 10
4 14
11 10
7 6
11 6
15 12
3 9
4 5
1 12
14 16
18 18
4 16
7 12
3 18
4 13
6 19
16 13
3 16
0 6
11 10
18 18
4 3
6 7
7 17
8 11
19 4
15 9
12 16
14 8
3 1
14 5
11 17
1 15
8 14
12 1
0 0
0 3
7 14
3 7
3 13
13 8
4 11
14 8
18 16
10 15
