20 20 100
14 10
13 0
1 16
18 14
16 13
5 9
14 17
16 5
12 14
17 3
19 14
6 9
11 0
19 11
12 13
11 11
3 2
15 4
12 1
1 17
17 3
6 8
12 17
18 7
6 5
18 11
7 12
3 19
19 15
13 10
16 13
0 13
13 2
6 14
6 0
4 9
18 6
11 2
14 15
5 9
17 14
14 6
6 11
4 1
2 13
15 18
19 11
17 13
18 18
18 18
6 10
15 8
12 15
6 19
13 2
3 17
10 4
8 17
9 1
8 19
16 17
11 3
2 12
13 16
18 2
4 14
19 15
4 2
0 10
5 0
18 14
4 2
12 14
11 16
18 2
1 1
19 4
5 5
14 19
2 18
18 15
5 15
1 9
9 5
7 9
1 13
18 15
7 0
16 1
6 18
17 12
10 3
12 18
5 0
7 9
13 15
8 2
4 17
6 19
1 3
