20 20 100
19 18
6 8
15 6
19 14
12 13
10 0
13 5
4 7
3 8
13 8
8 10
14 15
12 13
9 12
16 17
12 5
17 10
6 5
11 10
10 9
5 10
4 6
18 3
6 16
19 12
10 0
13 12
6 6
0 10
11 3
11 0
3 0
10 12
3 8
11 17
15 4
10 2
0 19
0 18
17 4
2 16
13 9
12 3
12 16
11 4
7 19
1 8
3 18
2 8
0 8
7 7
9 8
11 2
9 18
0 10
0 17
7 9
9 12
16 10
19 9
9 18
5 14
15 7
5 9
18 14
1 13
13 19
16 10
8 1
18 9
6 7
0 14
13 19
8 3
0 17
4 3
9 11
8 18
5 16
8 13
16 8
11 16
7 7
9 6
15 0
1 8
14 13
19 4
5 10
5 15
2 13
13 7
8 0
10 9
4 12
2 16
1 14
16 7
19 11
15 1
