20 20 100
11 3
5 15
18 4
12 12
10 4
9 4
4 1
13 18
0 9
13 8
0 7
5 5
9 9
14 0
6 10
6 19
17 4
16 10
11 17
3 11
2 0
8 7
5 9
6 10
2 8
9 5
13 14
2 9
11 19
15 9
11 10
4 15
17 5
0 19
7 17
7 15
15 3
3 0
11 9
18 16
13 3
11 15
9 10
8 4
2 8
15 10
6 7
19 9
4 19
0 8
12 7
9 13
17 1
9 11
7 10
19 13
0 4
18 19
17 15
19 14
6 19
8 8
9 0
9 5
11 6
12 0
0 12
5 6
17 4
5 15
4 9
2 16
5 14
10 9
3 8
17 19
6 12
1 2
13 3
9 7
16 11
18 9
4 1
17 19
17 14
5 9
17 7
10 2
0 9
14 15
0 11
7 10
19 7
2 10
16 10
0 3
12 8
15 17
6 19
18 12
